thr1 = 0.5;
thr2 = 0.5;
thr3 = 0.5;
thr4 = 0.5;
Ldwf = 0.4;
Ldwr = 0.5;
TrqRquRate = 20;
Q = [1 0;0 1];
R = [15 0;0 15];